-0.12455067377373141291
-3.31634083967509640800
-0.71144417696909623139
-1.36218935730596402145
0.28389055629434561956
-0.46491739657460029456
0.52525946721931482397
0.16556476166650763160
-3.36471085383401558033
0.46506573858442101788
-2.24086960723611916535
-0.36558189763703852204
-0.39449897558006369325
0.47368872491188163121
2.26699576426175974930
-0.58556578096695943714
2.55242239199773335301
-0.91178307149913606633
-0.39374380377084566840
0.98963392102542102613
0.33607925853375003600
-0.35713574634831624088
-0.62435536910717159831
1.67843040969542567353
-2.62224214319416626395
-1.09307939990468416802
0.71308912927732559517
3.19829924580929914057
-0.67853125637324984698
0.12660073542674615821
