-6.57091483472818183031
0.40260279165664869527
0.87031460346394784455
1.42454755463900339940
5.03353136770304043779
-7.39404927583996585128
-0.04709421020697208971
-3.01276280850960720414
-2.54237902617868494204
-0.34130444154246214472
1.93129784677073268462
-2.59475464854508253154
5.94569212177910610961
1.86069238778653489597
1.05933226904312172145
-5.30765490305760412326
1.59611425505030357641
3.30295100061878121878
1.56333007495068665449
2.31352385214040934258
-1.85958690750009703052
2.21009252035312053764
-0.49145745104967936134
2.70278356520193785428
-6.03181119238666685334
-5.61414705627068144622
-4.68355157524284848591
-2.39413395126392991585
-0.13394720713504834619
2.58371358025826891591
-4.71785399747034350781
5.49791428372212642728
1.63929466461583928094
-0.54549590877112363874
-4.20386734773233872176
2.62814907879292025683
1.95408957281017259255
1.26092926329075294412
2.39212308478658863820
2.75330054446048899663
4.08980583267637953782
1.98735639637051186845
2.71268727899228201395
-4.25337763862625806155
-5.10736006032094280727
4.25415025023827286788
-0.34266877760758596150
-5.97581924498959260461
-0.50326939858569985642
5.49752911755435391683
2.03174974440160482914
0.82239677165972646655
0.63971877570540169877
3.71167828392331955456
1.24321684114261765686
-5.18203421831230759409
-1.12069278795470950172
-4.56583195142777853448
-8.49277718170206874504
2.61148318553164893174
