-3.44513884996616104317
0.44933467732243353998
0.67987546145665977981
1.35014089586279695254
2.83340688177762212163
-3.67894457599654645108
0.14593949861017624370
-0.66510536385627938571
-0.69502187703576778777
-0.15442698405239146942
1.46559699266303411491
-0.43037852713092206169
4.19628240129241447676
1.44986666245565110067
0.82752393280224989525
-3.02527736047147444154
1.16876899447692306211
1.75387716733097143162
1.22382147599376756020
1.66257640150134866630
-0.26906297129782474897
1.54240429756360852842
-0.44327947459545513631
2.34854267863772925296
-2.17035231756285185156
-3.28875012808003797105
-1.90590228575953668511
-1.06924353288041951160
-0.51424003363224091157
2.21246879463818491018
-2.27902703413608032079
2.85811335402749966406
1.39302485027777334103
-0.56366213760897709850
-1.59527217510446472915
1.86771598007234640448
1.28317102124454973655
0.54008922795678560025
1.81931733040073484453
1.50523117564123021239
3.02708909022129857291
1.02851844400537806301
2.15186134176526921991
-1.24718507514778087497
-2.02470589505292153376
3.43933579822800084003
-0.40923371710589523387
-2.88210270521035250013
-0.58717526357725868813
3.27004422510544268121
1.29948997340899330410
0.52962921829406939267
0.62067365678661490236
2.86231072219172411053
0.61426330664997685904
-2.53203911902562106562
-1.08062846463306971856
-1.81921693302413856053
-4.28077546804353570309
1.74458113635294842503
