0.55367552386982910040
-2.24609254962289606183
-0.67599829406049827263
-0.82476943340599306875
0.29929345211153829398
-0.42629207952384562397
0.56068194324251829919
0.05974501592668985533
-0.82622129572498237415
0.47413462116377325106
-1.57768903387548542483
-0.20244800716491676007
-0.31084433292096291801
0.48746378906714155077
2.11218789654400573852
-0.39878166387318114694
1.46442620917414267900
-0.24625780499724439498
-0.40567330776980431439
1.07503834078757609660
0.15879631217160494749
-0.03805545747432848708
-3.67085884071937318396
0.65038872576945383486
-1.67398897434672000450
-0.28807769805170185817
-0.29215689576939068983
1.33703947593140681782
-0.60458086370824593025
0.10832581201297133977
